-RANDOM-
"Liczba elementow";"Insertion sort";"Selection sort";"Heap sort";"Merge sort"
10000;0.109998;0.112671;0.002522;0.001636
20000;0.332684;0.44002;0.005421;0.003545
30000;0.729351;0.993014;0.008464;0.005448
40000;1.29891;1.76018;0.011787;0.007608
50000;1.99038;2.74157;0.014883;0.009572
60000;2.8378;3.95999;0.018175;0.011622
70000;3.87623;5.37459;0.021713;0.013746
80000;5.07073;7.02699;0.025049;0.015949
90000;6.36963;8.88653;0.028706;0.018327
100000;8.32246;11.832;0.036008;0.020504
110000;10.115;13.2958;0.035683;0.022784
120000;11.4326;15.7923;0.03994;0.024561
130000;13.2965;18.5613;0.043355;0.026632
140000;15.3588;21.4999;0.047006;0.028969
150000;17.7037;24.7638;0.050596;0.031193

-ASCENDING-
"Liczba elementow";"Insertion sort";"Selection sort";"Heap sort";"Merge sort"
10000;6.9e-05;0.146088;0.002188;0.000894
20000;9.4e-05;0.463658;0.004461;0.001881
30000;0.000196;1.01852;0.006976;0.002971
40000;0.000281;1.80363;0.009588;0.004007
50000;0.000293;2.77342;0.012246;0.005101
60000;0.000388;3.9686;0.014756;0.006216
70000;0.000396;5.39156;0.017503;0.007294
80000;0.00049;7.05236;0.020197;0.008422
90000;0.000538;8.90217;0.023068;0.009592
100000;0.000568;10.9798;0.025968;0.010704
110000;0.000618;13.2892;0.028654;0.011871
120000;0.000676;15.9338;0.031524;0.012968
130000;0.000689;18.5474;0.037709;0.014266
140000;0.00066;21.5133;0.037175;0.01537
150000;0.000774;24.6958;0.040508;0.016657

-DESCENDING-
"Liczba elementow";"Insertion sort";"Selection sort";"Heap sort";"Merge sort"
10000;0.196584;0.127378;0.002005;0.0009
20000;0.658482;0.512329;0.004301;0.00189
30000;1.43892;1.163;0.009695;0.004552
40000;2.66545;2.04001;0.009175;0.003938
50000;3.96567;3.19143;0.011626;0.005045
60000;5.73137;4.58461;0.014156;0.006079
70000;7.71474;6.23528;0.01686;0.007181
80000;10.0783;8.15061;0.019294;0.00838
90000;12.7455;10.3228;0.022057;0.00951
100000;15.7128;12.747;0.024629;0.010564
110000;19.0183;15.4103;0.02753;0.011728
120000;22.8095;18.396;0.030071;0.01287
130000;26.5433;21.5381;0.032888;0.014019
140000;30.7637;24.9836;0.035685;0.015204
150000;35.5451;28.6578;0.038481;0.016475

-VSHAPED-
"Liczba elementow";"Insertion sort";"Selection sort";"Heap sort";"Merge sort"
10000;0.110484;0.128393;0.002089;0.000898
20000;0.342681;0.466191;0.004428;0.001911
30000;0.733348;1.051;0.006865;0.002976
40000;1.32493;1.85426;0.009375;0.003982
50000;1.98071;2.90222;0.012;0.005063
60000;2.85199;4.32734;0.014421;0.006169
70000;3.85887;5.68551;0.017146;0.007264
80000;5.03299;7.40904;0.019935;0.008423
90000;6.36835;9.37923;0.022808;0.00955
100000;7.86054;11.575;0.025399;0.01072
110000;9.50415;14.0356;0.02787;0.011848
120000;11.3058;16.6887;0.030476;0.013073
130000;13.2703;19.5796;0.033436;0.014199
140000;15.54;22.7179;0.036544;0.015428
150000;17.6387;26.0524;0.039763;0.016821

-CONSTANT-
"Liczba elementow";"Insertion sort";"Selection sort";"Heap sort";"Merge sort"
10000;9.2e-05;0.16127;0.000155;0.000943;
20000;9.3e-05;0.470833;0.000311;0.001867;
30000;0.000151;1.03346;0.000476;0.002869;
40000;0.000184;1.81658;0.000618;0.00403;
50000;0.000245;2.81165;0.000772;0.005137;
60000;0.000315;4.06881;0.000993;0.007336;
70000;0.000382;5.50345;0.001083;0.007299;
80000;0.000427;7.15044;0.001326;0.008765;
90000;0.000505;9.09788;0.001494;0.009502;
100000;0.000484;11.2639;0.001591;0.011072;
110000;0.000521;13.5179;0.001792;0.01186;
120000;0.000577;16.076;0.001919;0.01315;
130000;0.000781;18.9023;0.002035;0.014288;
140000;0.000824;21.9204;0.002406;0.015383;
150000;0.000941;25.1395;0.002379;0.016555;